{
 "cells": [
  {
   "cell_type": "markdown",
   "metadata": {},
   "source": [
    "### Sri Lanka Road Optimization\n",
    "This notebook is part of a Sri Lanka tourism project that measures the distance from airports to district capitals to toursim destinations. \n",
    "\n",
    "#### Workflow\n",
    "- part 1: OD Airport to major cities\n",
    "- part 2: OD Major cities to one another\n",
    "- part 3: OD Major cities to tourism destinations\n",
    "- part 4: OD using mapbox traffic api OR mapbox roads data w/ traffic (2-3x for different times of day)\n",
    "- part 5*: Identify optimal edges for road rehabilitation (traffic travel time is divergent)\n",
    "- part 6*: OD - simulate road improvements with adjusted cost\n",
    "- part 7*: identify possible edges for improvement (highest value for money). \n",
    "#### *To-do\n",
    "\n",
    "\n",
    "#### to run this script you must already have the G_time.pickle (from data folder)\n",
    "#### note: this script and the architecture of gostnets uses a lot of memory. for example, creating nodes_gdf took ~70% of a 64GB memory.\n"
   ]
  },
  {
   "cell_type": "code",
   "execution_count": 1,
   "metadata": {},
   "outputs": [],
   "source": [
    "# import modules and dependencies\n",
    "\n",
    "import geopandas as gpd\n",
    "import pandas as pd\n",
    "import os, sys, time\n",
    "# add to your system path the location of the LoadOSM.py and GOSTnet.py scripts\n",
    "sys.path.append(os.path.join(os.path.dirname(os.getcwd()), r\"C:\\Users\\wb557957\\Desktop\\GOSTnets-master\"))\n",
    "\n",
    "import GOSTnets as gn\n",
    "from scipy import *\n",
    "import GOSTnets.network_clean as gnClean\n",
    "import importlib\n",
    "import networkx as nx\n",
    "import osmnx as ox\n",
    "from shapely.ops import unary_union\n",
    "from shapely.wkt import loads\n",
    "from shapely.geometry import LineString, MultiLineString, Point"
   ]
  },
  {
   "cell_type": "code",
   "execution_count": 2,
   "metadata": {},
   "outputs": [],
   "source": [
    "pth = r\"C:\\Users\\wb557957\\Desktop\\LKA\"\n",
    "inPth = r\"C:\\Users\\wb557957\\Desktop\\LKA\\lka_data\"\n",
    "outPth = r\"C:\\Users\\wb557957\\Desktop\\LKA\\lka_outputs\""
   ]
  },
  {
   "cell_type": "code",
   "execution_count": 4,
   "metadata": {},
   "outputs": [],
   "source": [
    "G_time = nx.read_gpickle(os.path.join(pth, r'G_largestGraph_osmid_time.pickle'))"
   ]
  },
  {
   "cell_type": "code",
   "execution_count": 6,
   "metadata": {
    "scrolled": true
   },
   "outputs": [
    {
     "data": {
      "text/plain": [
       "'node_gdf = pd.read_csv(\\'G_osmid_nodes.csv\\',  delimiter=\",\")'"
      ]
     },
     "execution_count": 6,
     "metadata": {},
     "output_type": "execute_result"
    }
   ],
   "source": [
    "edge_gdf = pd.read_csv('sri_lanka_hwy_w_traffic1.csv',  delimiter=\",\")\n",
    "node_gdf = pd.read_csv('G_osmid_nodes.csv',  delimiter=\",\")"
   ]
  },
  {
   "cell_type": "code",
   "execution_count": 7,
   "metadata": {},
   "outputs": [],
   "source": [
    "# read in snapped origins and destinations\n",
    "airportdf = pd.read_csv('airport_snapped_osmid.csv',  delimiter=\",\")\n",
    "citydf = pd.read_csv('city_snapped_osmid.csv',  delimiter=\",\")\n",
    "tourismdf = pd.read_csv('tourism_snapped_osmid.csv',  delimiter=\",\")"
   ]
  },
  {
   "cell_type": "code",
   "execution_count": 8,
   "metadata": {},
   "outputs": [
    {
     "data": {
      "text/html": [
       "<div>\n",
       "<style scoped>\n",
       "    .dataframe tbody tr th:only-of-type {\n",
       "        vertical-align: middle;\n",
       "    }\n",
       "\n",
       "    .dataframe tbody tr th {\n",
       "        vertical-align: top;\n",
       "    }\n",
       "\n",
       "    .dataframe thead th {\n",
       "        text-align: right;\n",
       "    }\n",
       "</style>\n",
       "<table border=\"1\" class=\"dataframe\">\n",
       "  <thead>\n",
       "    <tr style=\"text-align: right;\">\n",
       "      <th></th>\n",
       "      <th>Unnamed: 0</th>\n",
       "      <th>osm_id</th>\n",
       "      <th>emergencyh</th>\n",
       "      <th>aeroway</th>\n",
       "      <th>operatorty</th>\n",
       "      <th>source</th>\n",
       "      <th>capacitype</th>\n",
       "      <th>addrfull</th>\n",
       "      <th>emergency</th>\n",
       "      <th>name</th>\n",
       "      <th>addrcity</th>\n",
       "      <th>building</th>\n",
       "      <th>geometry</th>\n",
       "      <th>x</th>\n",
       "      <th>y</th>\n",
       "      <th>NN</th>\n",
       "      <th>NN_dist</th>\n",
       "    </tr>\n",
       "  </thead>\n",
       "  <tbody>\n",
       "    <tr>\n",
       "      <th>0</th>\n",
       "      <td>0</td>\n",
       "      <td>2.700505e+09</td>\n",
       "      <td>NaN</td>\n",
       "      <td>gate</td>\n",
       "      <td>NaN</td>\n",
       "      <td>NaN</td>\n",
       "      <td>NaN</td>\n",
       "      <td>NaN</td>\n",
       "      <td>NaN</td>\n",
       "      <td>NaN</td>\n",
       "      <td>NaN</td>\n",
       "      <td>NaN</td>\n",
       "      <td>POINT (79.8846214999823 7.176073400367159)</td>\n",
       "      <td>79.884621</td>\n",
       "      <td>7.176073</td>\n",
       "      <td>5916588300</td>\n",
       "      <td>191.443706</td>\n",
       "    </tr>\n",
       "  </tbody>\n",
       "</table>\n",
       "</div>"
      ],
      "text/plain": [
       "   Unnamed: 0        osm_id  emergencyh aeroway  operatorty  source  \\\n",
       "0           0  2.700505e+09         NaN    gate         NaN     NaN   \n",
       "\n",
       "   capacitype  addrfull  emergency  name  addrcity  building  \\\n",
       "0         NaN       NaN        NaN   NaN       NaN       NaN   \n",
       "\n",
       "                                     geometry          x         y  \\\n",
       "0  POINT (79.8846214999823 7.176073400367159)  79.884621  7.176073   \n",
       "\n",
       "           NN     NN_dist  \n",
       "0  5916588300  191.443706  "
      ]
     },
     "execution_count": 8,
     "metadata": {},
     "output_type": "execute_result"
    }
   ],
   "source": [
    "# NN - osm id of nearest network node.\n",
    "airportdf.head()"
   ]
  },
  {
   "cell_type": "code",
   "execution_count": 10,
   "metadata": {},
   "outputs": [
    {
     "data": {
      "text/html": [
       "<div>\n",
       "<style scoped>\n",
       "    .dataframe tbody tr th:only-of-type {\n",
       "        vertical-align: middle;\n",
       "    }\n",
       "\n",
       "    .dataframe tbody tr th {\n",
       "        vertical-align: top;\n",
       "    }\n",
       "\n",
       "    .dataframe thead th {\n",
       "        text-align: right;\n",
       "    }\n",
       "</style>\n",
       "<table border=\"1\" class=\"dataframe\">\n",
       "  <thead>\n",
       "    <tr style=\"text-align: right;\">\n",
       "      <th></th>\n",
       "      <th>Unnamed: 0</th>\n",
       "      <th>osm_id</th>\n",
       "      <th>code</th>\n",
       "      <th>fclass</th>\n",
       "      <th>population</th>\n",
       "      <th>name</th>\n",
       "      <th>country</th>\n",
       "      <th>geometry</th>\n",
       "      <th>x</th>\n",
       "      <th>y</th>\n",
       "      <th>NN</th>\n",
       "      <th>NN_dist</th>\n",
       "    </tr>\n",
       "  </thead>\n",
       "  <tbody>\n",
       "    <tr>\n",
       "      <th>0</th>\n",
       "      <td>0</td>\n",
       "      <td>44240758.0</td>\n",
       "      <td>1001</td>\n",
       "      <td>city</td>\n",
       "      <td>27500</td>\n",
       "      <td>Nuwara Eliya</td>\n",
       "      <td>LKA</td>\n",
       "      <td>POINT (80.76706730021579 6.973815700434272)</td>\n",
       "      <td>80.767067</td>\n",
       "      <td>6.973816</td>\n",
       "      <td>4784044133</td>\n",
       "      <td>1.631987</td>\n",
       "    </tr>\n",
       "    <tr>\n",
       "      <th>1</th>\n",
       "      <td>1</td>\n",
       "      <td>49374844.0</td>\n",
       "      <td>1001</td>\n",
       "      <td>city</td>\n",
       "      <td>17900</td>\n",
       "      <td>Kegalle</td>\n",
       "      <td>LKA</td>\n",
       "      <td>POINT (80.3454131999593 7.253200599927766)</td>\n",
       "      <td>80.345413</td>\n",
       "      <td>7.253201</td>\n",
       "      <td>3794050817</td>\n",
       "      <td>9.364111</td>\n",
       "    </tr>\n",
       "    <tr>\n",
       "      <th>2</th>\n",
       "      <td>2</td>\n",
       "      <td>50794342.0</td>\n",
       "      <td>1005</td>\n",
       "      <td>national_capital</td>\n",
       "      <td>753000</td>\n",
       "      <td>Colombo</td>\n",
       "      <td>LKA</td>\n",
       "      <td>POINT (79.85384630026658 6.934996899587304)</td>\n",
       "      <td>79.853846</td>\n",
       "      <td>6.934997</td>\n",
       "      <td>5385270047</td>\n",
       "      <td>6.505032</td>\n",
       "    </tr>\n",
       "    <tr>\n",
       "      <th>3</th>\n",
       "      <td>3</td>\n",
       "      <td>247220841.0</td>\n",
       "      <td>1001</td>\n",
       "      <td>city</td>\n",
       "      <td>120000</td>\n",
       "      <td>Hambantota</td>\n",
       "      <td>LKA</td>\n",
       "      <td>POINT (81.12425630008823 6.124912599836648)</td>\n",
       "      <td>81.124256</td>\n",
       "      <td>6.124913</td>\n",
       "      <td>1814540688</td>\n",
       "      <td>47.809655</td>\n",
       "    </tr>\n",
       "    <tr>\n",
       "      <th>4</th>\n",
       "      <td>4</td>\n",
       "      <td>258049423.0</td>\n",
       "      <td>1001</td>\n",
       "      <td>city</td>\n",
       "      <td>40800</td>\n",
       "      <td>Matale</td>\n",
       "      <td>LKA</td>\n",
       "      <td>POINT (80.62341730016834 7.472125099893503)</td>\n",
       "      <td>80.623417</td>\n",
       "      <td>7.472125</td>\n",
       "      <td>1727494683</td>\n",
       "      <td>82.604133</td>\n",
       "    </tr>\n",
       "  </tbody>\n",
       "</table>\n",
       "</div>"
      ],
      "text/plain": [
       "   Unnamed: 0       osm_id  code            fclass  population          name  \\\n",
       "0           0   44240758.0  1001              city       27500  Nuwara Eliya   \n",
       "1           1   49374844.0  1001              city       17900       Kegalle   \n",
       "2           2   50794342.0  1005  national_capital      753000       Colombo   \n",
       "3           3  247220841.0  1001              city      120000    Hambantota   \n",
       "4           4  258049423.0  1001              city       40800        Matale   \n",
       "\n",
       "  country                                     geometry          x         y  \\\n",
       "0     LKA  POINT (80.76706730021579 6.973815700434272)  80.767067  6.973816   \n",
       "1     LKA   POINT (80.3454131999593 7.253200599927766)  80.345413  7.253201   \n",
       "2     LKA  POINT (79.85384630026658 6.934996899587304)  79.853846  6.934997   \n",
       "3     LKA  POINT (81.12425630008823 6.124912599836648)  81.124256  6.124913   \n",
       "4     LKA  POINT (80.62341730016834 7.472125099893503)  80.623417  7.472125   \n",
       "\n",
       "           NN    NN_dist  \n",
       "0  4784044133   1.631987  \n",
       "1  3794050817   9.364111  \n",
       "2  5385270047   6.505032  \n",
       "3  1814540688  47.809655  \n",
       "4  1727494683  82.604133  "
      ]
     },
     "execution_count": 10,
     "metadata": {},
     "output_type": "execute_result"
    }
   ],
   "source": [
    "citydf.head()"
   ]
  },
  {
   "cell_type": "code",
   "execution_count": 11,
   "metadata": {},
   "outputs": [
    {
     "data": {
      "text/html": [
       "<div>\n",
       "<style scoped>\n",
       "    .dataframe tbody tr th:only-of-type {\n",
       "        vertical-align: middle;\n",
       "    }\n",
       "\n",
       "    .dataframe tbody tr th {\n",
       "        vertical-align: top;\n",
       "    }\n",
       "\n",
       "    .dataframe thead th {\n",
       "        text-align: right;\n",
       "    }\n",
       "</style>\n",
       "<table border=\"1\" class=\"dataframe\">\n",
       "  <thead>\n",
       "    <tr style=\"text-align: right;\">\n",
       "      <th></th>\n",
       "      <th>Unnamed: 0</th>\n",
       "      <th>Loc_name</th>\n",
       "      <th>Status</th>\n",
       "      <th>Score</th>\n",
       "      <th>Match_type</th>\n",
       "      <th>Match_addr</th>\n",
       "      <th>LongLabel</th>\n",
       "      <th>ShortLabel</th>\n",
       "      <th>Addr_type</th>\n",
       "      <th>Type</th>\n",
       "      <th>...</th>\n",
       "      <th>USER_langC</th>\n",
       "      <th>USER_adm1c</th>\n",
       "      <th>USER_adm2c</th>\n",
       "      <th>USER_adm3c</th>\n",
       "      <th>USER_adm4c</th>\n",
       "      <th>geometry</th>\n",
       "      <th>NN</th>\n",
       "      <th>NN_dist</th>\n",
       "      <th>x</th>\n",
       "      <th>y</th>\n",
       "    </tr>\n",
       "  </thead>\n",
       "  <tbody>\n",
       "    <tr>\n",
       "      <th>0</th>\n",
       "      <td>0</td>\n",
       "      <td>World</td>\n",
       "      <td>M</td>\n",
       "      <td>80.01</td>\n",
       "      <td>A</td>\n",
       "      <td>Embekka Katharagama Dewalaya</td>\n",
       "      <td>Embekka Katharagama Dewalaya, Embekka, LKA</td>\n",
       "      <td>Embekka Katharagama Dewalaya</td>\n",
       "      <td>POI</td>\n",
       "      <td>Temple</td>\n",
       "      <td>...</td>\n",
       "      <td>ENG</td>\n",
       "      <td>LK2</td>\n",
       "      <td>LK21</td>\n",
       "      <td>NaN</td>\n",
       "      <td>NaN</td>\n",
       "      <td>POINT (80.56806000000006 7.218110000000024)</td>\n",
       "      <td>1743126554</td>\n",
       "      <td>14.430893</td>\n",
       "      <td>80.568060</td>\n",
       "      <td>7.218110</td>\n",
       "    </tr>\n",
       "    <tr>\n",
       "      <th>1</th>\n",
       "      <td>1</td>\n",
       "      <td>NaN</td>\n",
       "      <td>M</td>\n",
       "      <td>100.00</td>\n",
       "      <td>PP</td>\n",
       "      <td>x=80.742936, y=7.400645</td>\n",
       "      <td>NaN</td>\n",
       "      <td>NaN</td>\n",
       "      <td>NaN</td>\n",
       "      <td>NaN</td>\n",
       "      <td>...</td>\n",
       "      <td>ENG</td>\n",
       "      <td>LK2</td>\n",
       "      <td>LK21</td>\n",
       "      <td>NaN</td>\n",
       "      <td>NaN</td>\n",
       "      <td>POINT (80.74293550533594 7.400644946810061)</td>\n",
       "      <td>3645433570</td>\n",
       "      <td>80.094863</td>\n",
       "      <td>80.742936</td>\n",
       "      <td>7.400645</td>\n",
       "    </tr>\n",
       "    <tr>\n",
       "      <th>2</th>\n",
       "      <td>2</td>\n",
       "      <td>World</td>\n",
       "      <td>M</td>\n",
       "      <td>87.33</td>\n",
       "      <td>A</td>\n",
       "      <td>Royal Palace Park-Kandy</td>\n",
       "      <td>Royal Palace Park-Kandy, Keerthie Sri Rajasing...</td>\n",
       "      <td>Royal Palace Park-Kandy</td>\n",
       "      <td>POI</td>\n",
       "      <td>Park</td>\n",
       "      <td>...</td>\n",
       "      <td>ENG</td>\n",
       "      <td>LK2</td>\n",
       "      <td>LK21</td>\n",
       "      <td>NaN</td>\n",
       "      <td>NaN</td>\n",
       "      <td>POINT (80.63751000000013 7.289470000000051)</td>\n",
       "      <td>3804266901</td>\n",
       "      <td>7.492898</td>\n",
       "      <td>80.637510</td>\n",
       "      <td>7.289470</td>\n",
       "    </tr>\n",
       "    <tr>\n",
       "      <th>3</th>\n",
       "      <td>3</td>\n",
       "      <td>World</td>\n",
       "      <td>M</td>\n",
       "      <td>75.48</td>\n",
       "      <td>M</td>\n",
       "      <td>Kandy</td>\n",
       "      <td>Kandy, LKA</td>\n",
       "      <td>Kandy</td>\n",
       "      <td>Locality</td>\n",
       "      <td>City</td>\n",
       "      <td>...</td>\n",
       "      <td>ENG</td>\n",
       "      <td>LK2</td>\n",
       "      <td>LK21</td>\n",
       "      <td>NaN</td>\n",
       "      <td>NaN</td>\n",
       "      <td>POINT (80.63866000000007 7.294970000000049)</td>\n",
       "      <td>5507321512</td>\n",
       "      <td>29.207204</td>\n",
       "      <td>80.638660</td>\n",
       "      <td>7.294970</td>\n",
       "    </tr>\n",
       "    <tr>\n",
       "      <th>4</th>\n",
       "      <td>4</td>\n",
       "      <td>World</td>\n",
       "      <td>M</td>\n",
       "      <td>65.07</td>\n",
       "      <td>A</td>\n",
       "      <td>Bauddha Bala Mandalaya</td>\n",
       "      <td>Bauddha Bala Mandalaya, Akkara Road, Ranawana ...</td>\n",
       "      <td>Bauddha Bala Mandalaya</td>\n",
       "      <td>POI</td>\n",
       "      <td>Temple</td>\n",
       "      <td>...</td>\n",
       "      <td>ENG</td>\n",
       "      <td>LK2</td>\n",
       "      <td>LK21</td>\n",
       "      <td>NaN</td>\n",
       "      <td>NaN</td>\n",
       "      <td>POINT (80.62270000000007 7.328350000000057)</td>\n",
       "      <td>1809637836</td>\n",
       "      <td>69.904258</td>\n",
       "      <td>80.622700</td>\n",
       "      <td>7.328350</td>\n",
       "    </tr>\n",
       "  </tbody>\n",
       "</table>\n",
       "<p>5 rows × 91 columns</p>\n",
       "</div>"
      ],
      "text/plain": [
       "   Unnamed: 0 Loc_name Status   Score Match_type  \\\n",
       "0           0    World      M   80.01          A   \n",
       "1           1      NaN      M  100.00         PP   \n",
       "2           2    World      M   87.33          A   \n",
       "3           3    World      M   75.48          M   \n",
       "4           4    World      M   65.07          A   \n",
       "\n",
       "                     Match_addr  \\\n",
       "0  Embekka Katharagama Dewalaya   \n",
       "1       x=80.742936, y=7.400645   \n",
       "2       Royal Palace Park-Kandy   \n",
       "3                         Kandy   \n",
       "4        Bauddha Bala Mandalaya   \n",
       "\n",
       "                                           LongLabel  \\\n",
       "0         Embekka Katharagama Dewalaya, Embekka, LKA   \n",
       "1                                                NaN   \n",
       "2  Royal Palace Park-Kandy, Keerthie Sri Rajasing...   \n",
       "3                                         Kandy, LKA   \n",
       "4  Bauddha Bala Mandalaya, Akkara Road, Ranawana ...   \n",
       "\n",
       "                     ShortLabel Addr_type    Type  ... USER_langC USER_adm1c  \\\n",
       "0  Embekka Katharagama Dewalaya       POI  Temple  ...        ENG        LK2   \n",
       "1                           NaN       NaN     NaN  ...        ENG        LK2   \n",
       "2       Royal Palace Park-Kandy       POI    Park  ...        ENG        LK2   \n",
       "3                         Kandy  Locality    City  ...        ENG        LK2   \n",
       "4        Bauddha Bala Mandalaya       POI  Temple  ...        ENG        LK2   \n",
       "\n",
       "  USER_adm2c USER_adm3c  USER_adm4c  \\\n",
       "0       LK21        NaN         NaN   \n",
       "1       LK21        NaN         NaN   \n",
       "2       LK21        NaN         NaN   \n",
       "3       LK21        NaN         NaN   \n",
       "4       LK21        NaN         NaN   \n",
       "\n",
       "                                      geometry          NN    NN_dist  \\\n",
       "0  POINT (80.56806000000006 7.218110000000024)  1743126554  14.430893   \n",
       "1  POINT (80.74293550533594 7.400644946810061)  3645433570  80.094863   \n",
       "2  POINT (80.63751000000013 7.289470000000051)  3804266901   7.492898   \n",
       "3  POINT (80.63866000000007 7.294970000000049)  5507321512  29.207204   \n",
       "4  POINT (80.62270000000007 7.328350000000057)  1809637836  69.904258   \n",
       "\n",
       "           x         y  \n",
       "0  80.568060  7.218110  \n",
       "1  80.742936  7.400645  \n",
       "2  80.637510  7.289470  \n",
       "3  80.638660  7.294970  \n",
       "4  80.622700  7.328350  \n",
       "\n",
       "[5 rows x 91 columns]"
      ]
     },
     "execution_count": 11,
     "metadata": {},
     "output_type": "execute_result"
    }
   ],
   "source": [
    "tourismdf.head()"
   ]
  },
  {
   "cell_type": "code",
   "execution_count": 13,
   "metadata": {},
   "outputs": [],
   "source": [
    "# create lists of OD's\n",
    "airport_ls = list(set(list(airportdf.NN)))\n",
    "city_ls = list(set(list(citydf.NN)))\n",
    "tourism_ls = list(set(list(tourismdf.NN)))"
   ]
  },
  {
   "cell_type": "markdown",
   "metadata": {},
   "source": [
    "### part 1: OD airport to major cities"
   ]
  },
  {
   "cell_type": "code",
   "execution_count": 14,
   "metadata": {},
   "outputs": [
    {
     "data": {
      "text/plain": [
       "array([[ 39.64850111, 129.39232447, 142.6434966 ,  81.1454507 ,\n",
       "         60.4884683 , 128.33726623, 120.46487756,  74.00586124,\n",
       "         59.09294624,  18.30620227, 161.54588862, 104.96826004,\n",
       "         59.963836  , 100.20283328,   7.42715748, 184.13301429,\n",
       "         14.41596862, 110.8415158 , 124.8304607 , 174.17964904,\n",
       "         44.87393341,  90.91354579, 169.75843849,  41.22356656,\n",
       "        134.05577029, 159.78532664]])"
      ]
     },
     "execution_count": 14,
     "metadata": {},
     "output_type": "execute_result"
    }
   ],
   "source": [
    "# output is a numpy array of OD time values\n",
    "# 'AC' stands for Airport-to-City\n",
    "OD_AC = gn.calculate_OD(G_time,\n",
    "                     airport_ls, \n",
    "                     city_ls, \n",
    "                     fail_value = 9999999)\n",
    "\n",
    "OD_AC"
   ]
  },
  {
   "cell_type": "code",
   "execution_count": 15,
   "metadata": {},
   "outputs": [
    {
     "data": {
      "text/plain": [
       "(1, 26)"
      ]
     },
     "execution_count": 15,
     "metadata": {},
     "output_type": "execute_result"
    }
   ],
   "source": [
    "# get shape of OD matrix to confirm count of O&D\n",
    "OD_AC.shape\n",
    "\n",
    "# 26 observations"
   ]
  },
  {
   "cell_type": "code",
   "execution_count": 16,
   "metadata": {},
   "outputs": [
    {
     "data": {
      "text/html": [
       "<div>\n",
       "<style scoped>\n",
       "    .dataframe tbody tr th:only-of-type {\n",
       "        vertical-align: middle;\n",
       "    }\n",
       "\n",
       "    .dataframe tbody tr th {\n",
       "        vertical-align: top;\n",
       "    }\n",
       "\n",
       "    .dataframe thead th {\n",
       "        text-align: right;\n",
       "    }\n",
       "</style>\n",
       "<table border=\"1\" class=\"dataframe\">\n",
       "  <thead>\n",
       "    <tr style=\"text-align: right;\">\n",
       "      <th></th>\n",
       "      <th>3794050817</th>\n",
       "      <th>4137095171</th>\n",
       "      <th>4071257605</th>\n",
       "      <th>3379679501</th>\n",
       "      <th>5300884110</th>\n",
       "      <th>1814540688</th>\n",
       "      <th>1945604886</th>\n",
       "      <th>1727494683</th>\n",
       "      <th>4140985758</th>\n",
       "      <th>5385270047</th>\n",
       "      <th>...</th>\n",
       "      <th>3289453904</th>\n",
       "      <th>2822277587</th>\n",
       "      <th>7098666963</th>\n",
       "      <th>6130006236</th>\n",
       "      <th>4944055519</th>\n",
       "      <th>4784044133</th>\n",
       "      <th>1732894187</th>\n",
       "      <th>1138325745</th>\n",
       "      <th>1243386867</th>\n",
       "      <th>1681288951</th>\n",
       "    </tr>\n",
       "  </thead>\n",
       "  <tbody>\n",
       "    <tr>\n",
       "      <th>5916588300</th>\n",
       "      <td>0.660808</td>\n",
       "      <td>2.156539</td>\n",
       "      <td>2.377392</td>\n",
       "      <td>1.352424</td>\n",
       "      <td>1.008141</td>\n",
       "      <td>2.138954</td>\n",
       "      <td>2.007748</td>\n",
       "      <td>1.233431</td>\n",
       "      <td>0.984882</td>\n",
       "      <td>0.305103</td>\n",
       "      <td>...</td>\n",
       "      <td>0.240266</td>\n",
       "      <td>1.847359</td>\n",
       "      <td>2.080508</td>\n",
       "      <td>2.902994</td>\n",
       "      <td>0.747899</td>\n",
       "      <td>1.515226</td>\n",
       "      <td>2.829307</td>\n",
       "      <td>0.687059</td>\n",
       "      <td>2.234263</td>\n",
       "      <td>2.663089</td>\n",
       "    </tr>\n",
       "  </tbody>\n",
       "</table>\n",
       "<p>1 rows × 26 columns</p>\n",
       "</div>"
      ],
      "text/plain": [
       "            3794050817  4137095171  4071257605  3379679501  5300884110  \\\n",
       "5916588300    0.660808    2.156539    2.377392    1.352424    1.008141   \n",
       "\n",
       "            1814540688  1945604886  1727494683  4140985758  5385270047  ...  \\\n",
       "5916588300    2.138954    2.007748    1.233431    0.984882    0.305103  ...   \n",
       "\n",
       "            3289453904  2822277587  7098666963  6130006236  4944055519  \\\n",
       "5916588300    0.240266    1.847359    2.080508    2.902994    0.747899   \n",
       "\n",
       "            4784044133  1732894187  1138325745  1243386867  1681288951  \n",
       "5916588300    1.515226    2.829307    0.687059    2.234263    2.663089  \n",
       "\n",
       "[1 rows x 26 columns]"
      ]
     },
     "execution_count": 16,
     "metadata": {},
     "output_type": "execute_result"
    }
   ],
   "source": [
    "# convert the OD Matrix numpy array into a pandas dataframe using minutes as the measure\n",
    "# output: minutes from airport to each destination NN id (n=26)\n",
    "OD_AC = OD_AC / 60\n",
    "\n",
    "OD_dfAC = pd.DataFrame(OD_AC, columns = city_ls, index = airport_ls)\n",
    "\n",
    "OD_dfAC"
   ]
  },
  {
   "cell_type": "code",
   "execution_count": 17,
   "metadata": {},
   "outputs": [],
   "source": [
    "# transpose the df and save as an object \n",
    "OD_dfAC = OD_dfAC.transpose()"
   ]
  },
  {
   "cell_type": "code",
   "execution_count": 18,
   "metadata": {
    "scrolled": true
   },
   "outputs": [
    {
     "data": {
      "text/html": [
       "<div>\n",
       "<style scoped>\n",
       "    .dataframe tbody tr th:only-of-type {\n",
       "        vertical-align: middle;\n",
       "    }\n",
       "\n",
       "    .dataframe tbody tr th {\n",
       "        vertical-align: top;\n",
       "    }\n",
       "\n",
       "    .dataframe thead th {\n",
       "        text-align: right;\n",
       "    }\n",
       "</style>\n",
       "<table border=\"1\" class=\"dataframe\">\n",
       "  <thead>\n",
       "    <tr style=\"text-align: right;\">\n",
       "      <th></th>\n",
       "      <th>5916588300</th>\n",
       "    </tr>\n",
       "  </thead>\n",
       "  <tbody>\n",
       "    <tr>\n",
       "      <th>3794050817</th>\n",
       "      <td>0.660808</td>\n",
       "    </tr>\n",
       "    <tr>\n",
       "      <th>4137095171</th>\n",
       "      <td>2.156539</td>\n",
       "    </tr>\n",
       "    <tr>\n",
       "      <th>4071257605</th>\n",
       "      <td>2.377392</td>\n",
       "    </tr>\n",
       "    <tr>\n",
       "      <th>3379679501</th>\n",
       "      <td>1.352424</td>\n",
       "    </tr>\n",
       "    <tr>\n",
       "      <th>5300884110</th>\n",
       "      <td>1.008141</td>\n",
       "    </tr>\n",
       "    <tr>\n",
       "      <th>1814540688</th>\n",
       "      <td>2.138954</td>\n",
       "    </tr>\n",
       "    <tr>\n",
       "      <th>1945604886</th>\n",
       "      <td>2.007748</td>\n",
       "    </tr>\n",
       "    <tr>\n",
       "      <th>1727494683</th>\n",
       "      <td>1.233431</td>\n",
       "    </tr>\n",
       "    <tr>\n",
       "      <th>4140985758</th>\n",
       "      <td>0.984882</td>\n",
       "    </tr>\n",
       "    <tr>\n",
       "      <th>5385270047</th>\n",
       "      <td>0.305103</td>\n",
       "    </tr>\n",
       "    <tr>\n",
       "      <th>3350595491</th>\n",
       "      <td>2.692431</td>\n",
       "    </tr>\n",
       "    <tr>\n",
       "      <th>1734550181</th>\n",
       "      <td>1.749471</td>\n",
       "    </tr>\n",
       "    <tr>\n",
       "      <th>4004620073</th>\n",
       "      <td>0.999397</td>\n",
       "    </tr>\n",
       "    <tr>\n",
       "      <th>2835617071</th>\n",
       "      <td>1.670047</td>\n",
       "    </tr>\n",
       "    <tr>\n",
       "      <th>5021093039</th>\n",
       "      <td>0.123786</td>\n",
       "    </tr>\n",
       "    <tr>\n",
       "      <th>7098642100</th>\n",
       "      <td>3.068884</td>\n",
       "    </tr>\n",
       "    <tr>\n",
       "      <th>3289453904</th>\n",
       "      <td>0.240266</td>\n",
       "    </tr>\n",
       "    <tr>\n",
       "      <th>2822277587</th>\n",
       "      <td>1.847359</td>\n",
       "    </tr>\n",
       "    <tr>\n",
       "      <th>7098666963</th>\n",
       "      <td>2.080508</td>\n",
       "    </tr>\n",
       "    <tr>\n",
       "      <th>6130006236</th>\n",
       "      <td>2.902994</td>\n",
       "    </tr>\n",
       "    <tr>\n",
       "      <th>4944055519</th>\n",
       "      <td>0.747899</td>\n",
       "    </tr>\n",
       "    <tr>\n",
       "      <th>4784044133</th>\n",
       "      <td>1.515226</td>\n",
       "    </tr>\n",
       "    <tr>\n",
       "      <th>1732894187</th>\n",
       "      <td>2.829307</td>\n",
       "    </tr>\n",
       "    <tr>\n",
       "      <th>1138325745</th>\n",
       "      <td>0.687059</td>\n",
       "    </tr>\n",
       "    <tr>\n",
       "      <th>1243386867</th>\n",
       "      <td>2.234263</td>\n",
       "    </tr>\n",
       "    <tr>\n",
       "      <th>1681288951</th>\n",
       "      <td>2.663089</td>\n",
       "    </tr>\n",
       "  </tbody>\n",
       "</table>\n",
       "</div>"
      ],
      "text/plain": [
       "            5916588300\n",
       "3794050817    0.660808\n",
       "4137095171    2.156539\n",
       "4071257605    2.377392\n",
       "3379679501    1.352424\n",
       "5300884110    1.008141\n",
       "1814540688    2.138954\n",
       "1945604886    2.007748\n",
       "1727494683    1.233431\n",
       "4140985758    0.984882\n",
       "5385270047    0.305103\n",
       "3350595491    2.692431\n",
       "1734550181    1.749471\n",
       "4004620073    0.999397\n",
       "2835617071    1.670047\n",
       "5021093039    0.123786\n",
       "7098642100    3.068884\n",
       "3289453904    0.240266\n",
       "2822277587    1.847359\n",
       "7098666963    2.080508\n",
       "6130006236    2.902994\n",
       "4944055519    0.747899\n",
       "4784044133    1.515226\n",
       "1732894187    2.829307\n",
       "1138325745    0.687059\n",
       "1243386867    2.234263\n",
       "1681288951    2.663089"
      ]
     },
     "execution_count": 18,
     "metadata": {},
     "output_type": "execute_result"
    }
   ],
   "source": [
    "# print transposed OD\n",
    "OD_dfAC"
   ]
  },
  {
   "cell_type": "code",
   "execution_count": null,
   "metadata": {},
   "outputs": [],
   "source": [
    "OD_dfAC.to_csv(r'OD_df_airport2city.csv')"
   ]
  },
  {
   "cell_type": "markdown",
   "metadata": {},
   "source": [
    "### part 2: OD cities to other cities"
   ]
  },
  {
   "cell_type": "code",
   "execution_count": 19,
   "metadata": {},
   "outputs": [
    {
     "data": {
      "text/plain": [
       "array([[  0.        , 104.93059842, 108.88976928, 103.98497507,\n",
       "         51.11305189, 118.96184982,  81.63142228,  34.35736014,\n",
       "         64.50565385,  41.47025122, 121.89738751, 127.80778441,\n",
       "         20.31533489,  77.01003675,  40.3010907 , 183.03489006,\n",
       "         28.7291934 ,  83.66685615, 130.2307742 , 149.71792298,\n",
       "         17.49431892,  51.26504468, 145.29671244,  64.06309093,\n",
       "        106.88111064, 120.13682553],\n",
       "       [104.93059842,   0.        , 165.42223615, 199.90633832,\n",
       "        154.4029636 , 217.68472892, 147.29627118,  82.41782207,\n",
       "         71.03439397, 137.39161448, 149.95621147, 223.72914767,\n",
       "         96.51675082,  29.53984775, 123.4578246 ,  78.10731995,\n",
       "        124.65055666,  77.64773462,  42.29619891,  44.79035287,\n",
       "         87.43669269, 135.58351959,  40.36914233, 159.98445419,\n",
       "         53.22185228, 122.57156774],\n",
       "       [108.88976928, 165.42223615,   0.        , 125.55391466,\n",
       "         82.15937957,  60.15105088,  31.68983129,  95.43276375,\n",
       "        155.56029625, 130.09344574,  50.5895641 , 101.9917787 ,\n",
       "         88.58138524, 143.8431355 , 144.60409024, 243.5265278 ,\n",
       "        130.20736084,  93.1223758 , 197.96199526, 210.20956072,\n",
       "        108.55040983,  62.21627227, 205.78835017, 123.54449108,\n",
       "        143.54945081,  84.80821405],\n",
       "       [103.98497507, 199.90633832, 125.55391466,   0.        ,\n",
       "         81.31134693,  69.3084328 , 133.48583573, 138.3423352 ,\n",
       "        134.05229541,  63.61978062, 176.14347876,  23.83130834,\n",
       "        124.30030996, 171.02323668,  82.38204652, 259.09236346,\n",
       "         78.83038496, 178.64259605, 199.78980986, 244.69366289,\n",
       "        112.47005883, 139.3810789 , 240.27245234,  39.92188414,\n",
       "        201.85685054, 207.67776042],\n",
       "       [ 51.11305189, 154.4029636 ,  82.15937957,  81.31134693,\n",
       "          0.        ,  67.8531492 ,  68.09509261,  85.47041203,\n",
       "        113.97801903,  47.93841744, 132.74894367,  80.22676783,\n",
       "         71.42838678, 126.48240193,  62.44906195, 232.50725524,\n",
       "         48.05233255, 133.13922133, 179.70313938, 199.19028816,\n",
       "         66.9666841 ,  75.28187334, 194.76907762,  41.38946279,\n",
       "        156.35347581, 154.44945864],\n",
       "       [118.96184982, 217.68472892,  60.15105088,  69.3084328 ,\n",
       "         67.8531492 ,   0.        ,  70.53849178, 143.18888702,\n",
       "        181.82681696, 115.78721538, 110.74061499,  45.47712445,\n",
       "        129.14686178, 194.33119986, 130.29785988, 295.78902057,\n",
       "        115.90113048, 150.16791059, 247.55193731, 262.47205349,\n",
       "        134.81548203,  90.18325289, 258.05084294, 109.22181793,\n",
       "        201.0161334 , 142.27489664],\n",
       "       [ 81.63142228, 147.29627118,  31.68983129, 133.48583573,\n",
       "         68.09509261,  70.53849178,   0.        ,  75.10491739,\n",
       "        131.5054471 , 114.38195606,  73.22494297, 110.09090017,\n",
       "         62.30057497, 125.71717053, 121.93251297, 225.40056283,\n",
       "        109.23467544,  79.77945286, 179.83603029, 192.08359575,\n",
       "         84.49556068,  30.52644098, 187.6623852 , 109.48020413,\n",
       "        138.49800733,  86.50440007],\n",
       "       [ 34.35736014,  82.41782207,  95.43276375, 138.3423352 ,\n",
       "         85.47041203, 143.18888702,  75.10491739,   0.        ,\n",
       "         77.0219276 ,  75.82761136, 108.44038198, 162.16514455,\n",
       "         14.09892875,  60.83872141,  71.13187273, 160.52211371,\n",
       "         63.08655354,  61.1540798 , 114.95758118, 127.20514663,\n",
       "         30.22012227,  53.16569752, 122.78393609,  98.42045107,\n",
       "         84.36833429, 106.67982   ],\n",
       "       [ 64.50565385,  71.03439397, 155.56029625, 134.05229541,\n",
       "        113.97801903, 181.82681696, 131.5054471 ,  77.0219276 ,\n",
       "          0.        ,  71.21139327, 168.51554298, 157.87510475,\n",
       "         69.87547657,  41.84490278,  52.93809905, 125.04489977,\n",
       "         67.60880602,  96.20706612,  65.74234618, 115.82171854,\n",
       "         47.01133493, 106.49635832, 111.40050799,  94.13041127,\n",
       "         99.88144566, 148.00888982],\n",
       "       [ 41.47025122, 137.39161448, 130.09344574,  63.61978062,\n",
       "         47.93841744, 115.78721538, 114.38195606,  75.82761136,\n",
       "         71.21139327,   0.        , 163.36763873,  87.44258996,\n",
       "         61.78558611, 108.50851283,  19.53936112, 196.25146132,\n",
       "         16.31566112, 116.12787221, 136.94890773, 182.17893904,\n",
       "         49.95533498,  85.88082818, 177.7577285 ,  23.69789648,\n",
       "        139.3421267 , 161.60707675],\n",
       "       [121.89738751, 149.95621147,  50.5895641 , 176.14347876,\n",
       "        132.74894367, 110.74061499,  73.22494297, 108.44038198,\n",
       "        168.51554298, 163.36763873,   0.        , 152.58134281,\n",
       "        101.58900348, 128.37711082, 162.19847821, 228.06050312,\n",
       "        150.62658092,  72.32417993, 182.49597058, 187.14301967,\n",
       "        121.55802806, 101.68208229, 190.32232549, 174.13405519,\n",
       "        110.47805031,  37.27617736],\n",
       "       [127.80778441, 223.72914767, 101.9917787 ,  23.83130834,\n",
       "         80.22676783,  45.47712445, 110.09090017, 162.16514455,\n",
       "        157.87510475,  87.44258996, 152.58134281,   0.        ,\n",
       "        148.1231193 , 194.84604602, 106.20485587, 282.9151728 ,\n",
       "        102.65319431, 189.72031898, 223.61261921, 268.51647223,\n",
       "        136.29286817, 125.42340644, 264.09526169,  63.74469348,\n",
       "        225.67965988, 184.11562446],\n",
       "       [ 20.31533489,  96.51675082,  88.58138524, 124.30030996,\n",
       "         71.42838678, 129.14686178,  62.30057497,  14.09892875,\n",
       "         69.87547657,  61.78558611, 101.58900348, 148.1231193 ,\n",
       "          0.        ,  74.93765016,  60.61642559, 174.62104246,\n",
       "         49.04452829,  75.25300855, 129.05650993, 141.30407538,\n",
       "         22.86559015,  39.12367227, 136.88286484,  84.37842582,\n",
       "         98.46726304,  99.8284415 ],\n",
       "       [ 77.01003675,  29.53984775, 143.8431355 , 171.02323668,\n",
       "        126.48240193, 194.33119986, 125.71717053,  60.83872141,\n",
       "         41.84490278, 108.50851283, 128.37711082, 194.84604602,\n",
       "         74.93765016,   0.        ,  94.26833341, 107.64413939,\n",
       "         95.76745502,  56.06863396,  62.07960686,  74.32717231,\n",
       "         59.51571783, 114.00441893,  69.90596177, 131.10135254,\n",
       "         58.38689944, 107.87045766],\n",
       "       [ 40.3010907 , 123.4578246 , 144.60409024,  82.38204652,\n",
       "         62.44906195, 130.29785988, 121.93251297,  71.13187273,\n",
       "         52.93809905,  19.53936112, 162.19847821, 106.20485587,\n",
       "         60.61642559,  94.26833341,   0.        , 177.97816711,\n",
       "         15.94290139, 107.08470088, 118.67561351, 168.24514916,\n",
       "         41.11711849,  91.56613538, 163.82393861,  42.46016239,\n",
       "        130.29895537, 158.88652458],\n",
       "       [183.03489006,  78.10731995, 243.5265278 , 259.09236346,\n",
       "        232.50725524, 295.78902057, 225.40056283, 160.52211371,\n",
       "        125.04489977, 196.25146132, 228.06050312, 282.9151728 ,\n",
       "        174.62104246, 107.64413939, 177.97816711,   0.        ,\n",
       "        192.64887407, 155.75202626,  64.69545917,  63.37682367,\n",
       "        165.54098434, 213.68781123,  37.73817763, 219.17047932,\n",
       "        131.32907348, 200.67878895],\n",
       "       [ 28.7291934 , 124.65055666, 130.20736084,  78.83038496,\n",
